WarpToHub,32,448,7D71EE6B,0,1,1,4294967295,0,0
Block,0,512,DEE480D5,0,25,1,4294967295,0,0
Block,352,416,F58F8DF9,0,10,1,4294967295,0,0
MusicPlayer,32,32,15E04C49,0,1,1,4294967295,0,1
Trigger1,224,448,C0CC7C77,0,1,2,4294967295,0,1
Triggered1,288,352,609EAA98,0,1,1,4294967295,0,1
KidCharacter,384,480,AFC5A7F0,0,-1,1,4294967295,0,0
Platform,32,384,5B045CF8,0,2,1,4294967295,0,0
KidCharacter,512,480,F53581BE,0,-1,1,4294967295,0,0
KidCharacter,672,480,C791DFA4,0,-1,1,4294967295,0,0
SavePointMedium,96,480,96AEE313,0,1,1,4294967295,0,0
Platform,192,384,4B9CA55E,0,2,1,4294967295,0,0
TextDraw,48,128,4EF0DADB,0,1,1,4294967295,0,1
TextDraw,208,128,F619171A,0,1,1,4294967295,0,1
TextDraw,112,176,D80DE36E,0,1,1,4294967295,0,1
TextDraw,112,240,88866220,0,1,1,4294967295,0,1
TextDraw,112,304,F68EF087,0,1,1,4294967295,0,1
TextDraw,112,368,546B0043,0,1,1,4294967295,0,1
Triggered2,480,128,76F37D97,0,1,1,4294967295,0,1
Trigger2,480,224,69D4D2E4,0,1,6,4294967295,0,1
KidCharacter,640,384,2A4B6498,0,-1,1,4294967295,0,0
FlagSetter,64,352,7BD9AFEB,0,1,1,4294967295,0,1
FlagSetter,64,288,A8300EFD,0,1,1,4294967295,0,1
FlagSetter,64,224,C8FC0470,0,1,1,4294967295,0,1
FlagSetter,64,160,45BD8399,0,1,1,4294967295,0,1
FlagSetter,224,160,EBE0C29B,0,1,1,4294967295,0,1
FlagSetter,224,224,E2B69FC0,0,1,1,4294967295,0,1
FlagSetter,224,288,67AD4C2D,0,1,1,4294967295,0,1
FlagSetter,224,352,2FB4BF11,0,1,1,4294967295,0,1
FlagSetter,384,288,2B56552E,0,1,1,4294967295,0,1
PlayerStart,64,480,00377785,0,1,1,4294967295,0,0
DialogueHandlerTriggered,288,352,530DFF21,0,1,1,4294967295,0,1
DialogueHandlerInteract,352,480,8950B718,0,1,1,4294967295,0,1
DialogueHandlerInteract,480,480,7EE5DC52,0,1,1,4294967295,0,1
DialogueHandlerInteract,640,480,A068CD10,0,1,1,4294967295,0,1
DialogueHandlerInteract,640,480,C0EEDBC4,0,1,1,4294967295,0,1
DialogueHandlerInteract,640,480,A6E26A29,0,1,1,4294967295,0,0
DialogueHandlerTriggered,480,128,FC6B0A96,0,1,1,4294967295,0,1
DialogueHandlerInteract,608,384,11F57482,0,1,1,4294967295,0,1
