SpikeTrapU,64,96,61963181,0,1,1,4294967295,0,1
SpikeTrapU,96,96,5D265354,0,1,1,4294967295,0,1
SpikeTrapU,128,96,544E85BA,0,1,1,4294967295,0,1
SpikeTrapU,160,96,F9B78BCA,0,1,1,4294967295,0,1
Block,0,512,DEE480D5,0,25,1,4294967295,0,0
Block,32,384,D10BBBA9,0,1,1,4294967295,0,0
Block,96,288,D9E16996,0,5,1,4294967295,0,0
Block,288,192,3D94926A,0,5,1,4294967295,0,0
Block,480,288,7EBB1488,0,5,1,4294967295,0,0
Block,320,320,BC30005E,0,3,1,4294967295,0,0
Block,608,160,52727E58,0,4,1,4294967295,0,0
Block,64,128,81A93A57,0,6,1,4294967295,0,0
Block,384,64,CD65E135,0,3,1,4294967295,0,0
SpikeU,224,256,1C191DB2,0,1,1,4294967295,0,0
MusicPlayer,32,32,15E04C49,0,1,1,4294967295,0,1
Trigger1,224,352,C0CC7C77,0,1,5,4294967295,0,1
Triggered1,288,352,609EAA98,0,1,1,4294967295,0,1
KidCharacter,384,480,AFC5A7F0,0,-1,1,4294967295,0,0
KidCharacter,728,474,5BB89283,0,-1,1,4294967295,0,0
KeyBlockWhite,638,444,FB9799B9,0,0.5,0.5,4294967295,0,0
Madeline,250,224,9D12D103,0,-2,2,4294967295,0,0
Ghost,400,289,3AF68DD3,0,-1,1,4294967295,0,0
KidCharacter,640,256,2D2CA2FE,0,-1,1,4294967295,0,0
Madeline,442,128,71B2CD9B,0,-2,2,4294967295,0,0
Trigger2,640,128,777D2261,0,1,1,4294967295,0,0
Trigger2,640,96,584C1BCF,0,1,1,4294967295,0,0
Trigger2,640,64,A64E8F80,0,1,1,4294967295,0,0
Trigger2,640,32,F0E4673F,0,1,1,4294967295,0,0
Triggered2,448,416,109DA1F8,0,1,1,4294967295,0,0
Triggered3,64,96,1180AE34,0,1,1,4294967295,0,0
Triggered4,96,96,87C1B1B1,0,1,1,4294967295,0,0
Triggered5,128,96,BC7D520D,0,1,1,4294967295,0,0
Triggered6,160,96,6594C982,0,1,1,4294967295,0,0
KidCharacter,192,96,32271318,0,1,1,4294967295,0,0
Slime,478,53,4978661F,0,-1,1,4294967295,0,0
PlayerStart,64,480,00377785,0,1,1,4294967295,0,0
Cage,768,384,BD8DD00D,0,-1,1,4294967295,0,0
DialogueHandlerTriggered,288,352,530DFF21,0,1,1,4294967295,0,1
DialogueHandlerInteract,352,480,8950B718,0,1,1,4294967295,0,1
DialogueHandlerInteract,544,416,5176861C,0,3,3,4294967295,0,1
DialogueHandlerInteract,192,224,AEA549D0,0,2,2,4294967295,0,1
DialogueHandlerInteract,359,271,89AF03E7,0,1.5,1.5,4294967295,0,1
DialogueHandlerInteract,608,256,03DE3231,0,1,1,4294967295,0,1
DialogueHandlerInteract,384,128,CA415FA3,0,2,2,4294967295,0,1
ExampleMovingDialogue,448,416,8DBCD1D3,0,1,1,4294967295,0,1
DialogueHandlerInteract,192,96,F870C666,0,1,1,4294967295,0,1
DialogueHandlerInteract,433,33,B3B9F251,0,1.46875,0.96875,4294967295,0,1
